0000   00 00 00 00 00 00 00 00 c0 6c 05 01 01 00 00 00
0010   4d 00 00 00 17 00 00 00 01 00 00 00 00 00 00 00
0020   ff ff ff ff 00 00 00 00 00 00 ff ff 00 00 00 00
0030   ff ff ff ff 01 00 00 00 c8 c6 09 02 01 00 00 00
0040   00 c7 09 02 01 00 00 00 00 00 00 00 00 00 00 00
0050   00 00 00 00 00 00 00 00 00 5d 05 01 01 00 00 00
0060   68 5d 05 01 01 00 00 00 60 00 00 00 14 00 00 00
0070   01 00 00 00 00 00 00 00 ff ff ff ff 00 00 00 00
0080   00 00 04 02 ff ff ff ff a8 c8 09 02 01 00 00 00
0090   61 00 00 00 01 00 00 00 68 61 05 01 01 00 00 00
00a0   3f 00 00 00 03 00 00 00 50 c8 09 02 01 00 00 00
00b0   b0 b7 09 02 01 00 00 00 48 43 0b 01 01 00 00 00
00c0   b0 b7 09 02 01 00 00 00 b0 c5 09 02 01 00 00 00
00d0   03 00 00 00 00 00 00 00 03 00 00 00 04 00 00 00
00e0   61 00 00 00 00 00 00 00 00 00 00 00 00 00 00 00
00f0   00 01 01 00 00 00 00 00 00 00 00 00 01 00 00 00
0100   10 5e 05 01 01 00 00 00 ff ff ff ff 10 00 00 00
0110   01 00 00 00 00 00 00 00 ff ff ff ff 00 00 00 00
0120   00 00 e0 01 01 00 00 00 50 c8 09 02 01 00 00 00
0130   f8 c7 09 02 01 00 00 00 00 00 00 00 00 00 00 00
0140   01 00 00 00 00 00 00 00 ff ff ff ff 01 00 00 00
0150   58 65 05 01 01 00 00 00 ff ff ff ff 01 00 00 00
0160   f0 c8 09 02 01 00 00 00 4c 65 64 00 01 00 00 00
0170   08 5d 05 01 01 00 00 00 f0 f9 03 02 01 00 00 00
0180   01 00 00 00 32 00 00 00 58 c9 09 02 01 00 00 00
0190   03 00 00 00 01 00 00 00 86 62 c9 ce 01 00 00 00
01a0   b0 b7 09 02 01 00 00 00 18 cb 09 02 01 00 00 00
01b0   04 00 00 00 00 00 00 00 01 00 00 00 00 00 00 00
01c0   60 c9 09 02 01 00 00 00 d8 7c 05 01 01 00 00 00
01d0   70 7d 19 00 01 00 00 00 38 cb 09 02 01 00 00 00
01e0   08 00 00 00 06 00 00 00 30 de bf 5f ff 7f 00 00
01f0   f8 cb 09 02 01 00 00 00 04 00 00 00 00 00 00 00
0200   18 cc 09 02 01 00 00
